0.0137694310119
0.0276822110212246
0.0375867181853306
0.0375867181853306
0.0375867181853306
0.0375867181853306
0.0994924008078603
0.103668928202723
0.103668928202723
0.103668928202723
0.103668928202723
0.103668928202723
0.103668928202723
0.150812133761966
0.150812133761966
0.239149094329676
0.251294839539289
0.251294839539289
0.251294839539289
0.251294839539289
0.251294839539289
0.251294839539289
0.251294839539289
0.251294839539289
0.251294839539289
0.251294839539289
0.251294839539289
0.251294839539289
0.251294839539289
0.251294839539289
0.251294839539289
0.251294839539289
0.255657509736637
0.255657509736637
0.255657509736637
0.255657509736637
0.3278165343088
0.3278165343088
0.3278165343088
0.339662162581525
0.339662162581525
0.339662162581525
0.339662162581525
0.339662162581525
0.339662162581525
0.356334286825032
0.356334286825032
0.368179037398966
0.368179037398966
0.368179037398966
0.406800990783621
0.406800990783621
0.406800990783621
0.406800990783621
0.406800990783621
0.406800990783621
0.406800990783621
0.597055412759643
0.597055412759643
0.597055412759643
0.597055412759643
0.597055412759643
0.597055412759643
0.597055412759643
0.597055412759643
0.597055412759643
0.599007429478824
0.599007429478824
0.599007429478824
0.599007429478824
0.822232143537803
0.822232143537803
0.822232143537803
0.822232143537803
0.822232143537803
0.88472645089157
0.88472645089157
0.88472645089157
0.88472645089157
0.88472645089157
0.88472645089157
0.88472645089157
0.88472645089157
0.88472645089157
0.88472645089157
0.88472645089157
0.88472645089157
0.88472645089157
0.88472645089157
0.88472645089157
0.88472645089157
0.88472645089157
0.88472645089157
0.993901364665377
1.10228002475394
1.10228002475394
1.10228002475394
1.10228002475394
1.10228002475394
1.10228002475394
1.21810150249499
1.21810150249499
1.21810150249499
1.21810150249499
1.21810150249499
1.21810150249499
1.4725493825347
1.4725493825347
1.4725493825347
1.4725493825347
1.63028237618903
1.63028237618903
1.63028237618903
1.63028237618903
1.63028237618903
1.63028237618903
1.63028237618903
1.63028237618903
1.65086019530709
1.65086019530709
1.65086019530709
1.65086019530709
1.65086019530709
1.65086019530709
1.65086019530709
1.65086019530709
2.04651039880352
2.04651039880352
2.04651039880352
2.04651039880352
2.04651039880352
2.04651039880352
2.04651039880352
2.04651039880352
2.04651039880352
2.04651039880352
2.04651039880352
2.04651039880352
2.04651039880352
2.55843028881239
2.55843028881239
2.59731226058875
2.88499433304059
3.29045944114841
3.98360662170899
