0.151547262432164
0.151547262432164
0.172466739075398
0.172466739075398
0.172466739075398
0.172466739075398
0.245363070605998
0.245363070605998
0.245363070605998
0.245363070605998
0.245363070605998
0.245363070605998
0.245363070605998
0.245363070605998
0.245363070605998
0.245363070605998
0.245363070605998
0.245363070605998
0.245363070605998
0.245363070605998
0.285028076493313
0.285028076493313
0.285028076493313
0.285028076493313
0.285028076493313
0.285028076493313
0.285028076493313
0.285028076493313
0.285028076493313
0.338429960477589
0.338429960477589
0.338429960477589
0.338429960477589
0.338429960477589
0.338429960477589
0.338429960477589
0.338429960477589
0.338429960477589
0.338429960477589
0.338429960477589
0.389683779786744
0.389683779786744
0.389683779786744
0.389683779786744
0.389683779786744
0.389683779786744
0.389683779786744
0.389683779786744
0.389683779786744
0.478676908838437
0.478676908838437
0.478676908838437
0.478676908838437
0.478676908838437
0.478676908838437
0.478676908838437
0.478676908838437
0.511495485599527
0.511495485599527
0.511495485599527
0.548006087433699
0.548006087433699
0.548006087433699
0.548006087433699
0.548006087433699
0.560385013806537
0.560385013806537
0.560385013806537
0.560385013806537
0.560385013806537
0.719348576534537
0.719348576534537
0.719348576534537
0.719348576534537
0.719348576534537
0.719348576534537
0.719348576534537
0.719348576534537
0.862652265023051
0.862652265023051
0.862652265023051
0.862652265023051
0.862652265023051
0.862652265023051
0.862652265023051
0.862652265023051
0.862652265023051
0.862652265023051
0.862652265023051
0.862652265023051
0.862652265023051
0.862652265023051
0.862652265023051
0.862652265023051
0.862652265023051
0.862652265023051
0.862652265023051
0.862652265023051
0.862652265023051
0.862652265023051
0.862652265023051
1.07476409207762
1.07476409207762
1.07476409207762
1.07476409207762
1.07476409207762
1.07476409207762
1.07476409207762
1.07476409207762
1.07476409207762
1.07476409207762
1.07476409207762
1.07476409207762
1.07476409207762
1.07476409207762
1.07476409207762
1.07476409207762
1.07476409207762
1.07476409207762
1.07476409207762
1.07476409207762
1.07476409207762
1.07476409207762
1.07476409207762
1.07476409207762
1.07476409207762
1.2448323809031
1.2448323809031
1.2448323809031
1.2448323809031
1.2448323809031
1.2448323809031
1.2448323809031
1.2448323809031
1.2448323809031
1.2448323809031
1.2448323809031
1.2448323809031
